appleLoc = [-0.0000 0.0316 0.0000
-0.0000 0.0339 -0.0068
-0.0022 0.0346 -0.0081
-0.0034 0.0339 -0.0059
-0.0000 0.0357 -0.0110
-0.0019 0.0361 -0.0115
-0.0041 0.0361 -0.0109
-0.0055 0.0357 -0.0095
-0.0033 0.0366 -0.0124
0.0000 0.0374 -0.0146
0.0000 0.0386 -0.0179
-0.0024 0.0387 -0.0178
-0.0020 0.0375 -0.0148
-0.0047 0.0388 -0.0175
-0.0039 0.0377 -0.0146
-0.0089 0.0386 -0.0155
-0.0073 0.0374 -0.0127
-0.0056 0.0375 -0.0138
-0.0069 0.0387 -0.0166
-0.0060 0.0347 -0.0060
-0.0059 0.0341 -0.0034
-0.0074 0.0361 -0.0090
-0.0090 0.0362 -0.0074
-0.0095 0.0360 -0.0055
-0.0091 0.0367 -0.0091
-0.0110 0.0387 -0.0142
-0.0091 0.0375 -0.0118
-0.0128 0.0388 -0.0128
-0.0107 0.0377 -0.0107
-0.0155 0.0389 -0.0089
-0.0127 0.0377 -0.0073
-0.0118 0.0376 -0.0091
-0.0143 0.0388 -0.0110
-0.0082 0.0352 -0.0022
-0.0069 0.0346 0.0000
-0.0109 0.0366 -0.0041
-0.0116 0.0370 -0.0019
-0.0111 0.0368 0.0000
-0.0125 0.0374 -0.0033
-0.0167 0.0393 -0.0069
-0.0138 0.0381 -0.0056
-0.0176 0.0398 -0.0047
-0.0147 0.0386 -0.0039
-0.0180 0.0403 0.0000
-0.0148 0.0388 0.0000
-0.0149 0.0387 -0.0020
-0.0179 0.0401 -0.0024
-0.0082 0.0356 0.0022
-0.0060 0.0348 0.0035
-0.0116 0.0374 0.0019
-0.0110 0.0375 0.0042
-0.0096 0.0371 0.0056
-0.0125 0.0381 0.0034
-0.0179 0.0406 0.0024
-0.0149 0.0392 0.0020
-0.0176 0.0408 0.0047
-0.0148 0.0394 0.0040
-0.0156 0.0406 0.0090
-0.0128 0.0391 0.0074
-0.0139 0.0393 0.0057
-0.0167 0.0407 0.0069
-0.0060 0.0356 0.0060
-0.0035 0.0346 0.0060
-0.0091 0.0375 0.0075
-0.0075 0.0374 0.0091
-0.0056 0.0368 0.0096
-0.0092 0.0381 0.0092
-0.0144 0.0407 0.0111
-0.0119 0.0393 0.0092
-0.0129 0.0408 0.0129
-0.0108 0.0394 0.0108
-0.0090 0.0403 0.0156
-0.0074 0.0388 0.0128
-0.0092 0.0392 0.0119
-0.0111 0.0406 0.0143
-0.0022 0.0352 0.0082
-0.0000 0.0343 0.0068
-0.0042 0.0370 0.0110
-0.0019 0.0367 0.0116
-0.0000 0.0362 0.0110
-0.0034 0.0374 0.0124
-0.0069 0.0401 0.0167
-0.0057 0.0387 0.0139
-0.0047 0.0398 0.0176
-0.0040 0.0386 0.0147
0.0000 0.0393 0.0179
0.0000 0.0380 0.0147
-0.0020 0.0382 0.0148
-0.0024 0.0395 0.0179
0.0022 0.0352 0.0082
0.0034 0.0346 0.0060
0.0019 0.0367 0.0116
0.0042 0.0370 0.0110
0.0056 0.0368 0.0096
0.0034 0.0374 0.0124
0.0024 0.0395 0.0179
0.0020 0.0382 0.0148
0.0047 0.0398 0.0176
0.0040 0.0386 0.0147
0.0090 0.0403 0.0156
0.0074 0.0388 0.0128
0.0057 0.0387 0.0139
0.0069 0.0401 0.0167
0.0060 0.0356 0.0060
0.0060 0.0346 0.0035
0.0074 0.0374 0.0091
0.0091 0.0374 0.0075
0.0096 0.0368 0.0056
0.0092 0.0381 0.0092
0.0111 0.0406 0.0143
0.0092 0.0392 0.0119
0.0129 0.0408 0.0129
0.0108 0.0394 0.0108
0.0156 0.0403 0.0090
0.0128 0.0388 0.0074
0.0119 0.0392 0.0092
0.0143 0.0406 0.0111
0.0082 0.0352 0.0022
0.0068 0.0341 0.0000
0.0110 0.0370 0.0042
0.0115 0.0366 0.0019
0.0110 0.0360 0.0000
0.0124 0.0374 0.0034
0.0167 0.0401 0.0069
0.0139 0.0387 0.0057
0.0176 0.0398 0.0047
0.0147 0.0386 0.0040
0.0179 0.0389 0.0000
0.0147 0.0377 0.0000
0.0148 0.0381 0.0020
0.0179 0.0393 0.0024
0.0081 0.0347 -0.0022
0.0059 0.0339 -0.0034
0.0115 0.0362 -0.0019
0.0109 0.0361 -0.0041
0.0095 0.0357 -0.0055
0.0124 0.0367 -0.0033
0.0178 0.0388 -0.0024
0.0148 0.0376 -0.0020
0.0175 0.0388 -0.0047
0.0146 0.0377 -0.0039
0.0155 0.0386 -0.0089
0.0127 0.0374 -0.0073
0.0138 0.0375 -0.0056
0.0166 0.0387 -0.0069
0.0060 0.0346 -0.0060
0.0034 0.0339 -0.0059
0.0090 0.0361 -0.0074
0.0074 0.0361 -0.0090
0.0055 0.0357 -0.0095
0.0091 0.0366 -0.0091
0.0142 0.0387 -0.0110
0.0118 0.0375 -0.0091
0.0128 0.0388 -0.0128
0.0107 0.0377 -0.0107
0.0089 0.0386 -0.0155
0.0073 0.0374 -0.0127
0.0091 0.0375 -0.0118
0.0110 0.0387 -0.0142
0.0022 0.0346 -0.0081
0.0041 0.0361 -0.0109
0.0019 0.0361 -0.0115
0.0033 0.0366 -0.0124
0.0069 0.0387 -0.0166
0.0056 0.0375 -0.0138
0.0047 0.0388 -0.0175
0.0039 0.0377 -0.0146
0.0020 0.0375 -0.0148
0.0024 0.0387 -0.0178
0.0000 0.0369 -0.0288
0.0000 0.0346 -0.0318
-0.0041 0.0346 -0.0315
-0.0038 0.0369 -0.0286
0.0000 0.0316 -0.0348
-0.0045 0.0316 -0.0345
-0.0082 0.0346 -0.0307
-0.0075 0.0369 -0.0278
-0.0090 0.0316 -0.0336
0.0000 0.0278 -0.0377
0.0000 0.0233 -0.0404
-0.0053 0.0233 -0.0401
-0.0049 0.0278 -0.0374
-0.0105 0.0233 -0.0390
-0.0098 0.0278 -0.0364
-0.0202 0.0233 -0.0350
-0.0189 0.0278 -0.0327
-0.0144 0.0278 -0.0349
-0.0155 0.0233 -0.0373
-0.0174 0.0316 -0.0301
-0.0133 0.0316 -0.0322
-0.0159 0.0346 -0.0275
-0.0144 0.0369 -0.0249
-0.0110 0.0369 -0.0266
-0.0122 0.0346 -0.0293
-0.0193 0.0346 -0.0252
-0.0175 0.0369 -0.0228
-0.0212 0.0316 -0.0276
-0.0225 0.0346 -0.0225
-0.0204 0.0369 -0.0204
-0.0246 0.0316 -0.0246
-0.0246 0.0233 -0.0321
-0.0230 0.0278 -0.0299
-0.0286 0.0233 -0.0286
-0.0267 0.0278 -0.0267
-0.0350 0.0233 -0.0202
-0.0327 0.0279 -0.0189
-0.0299 0.0278 -0.0230
-0.0321 0.0233 -0.0246
-0.0301 0.0317 -0.0174
-0.0276 0.0316 -0.0212
-0.0275 0.0349 -0.0159
-0.0249 0.0372 -0.0144
-0.0228 0.0370 -0.0175
-0.0252 0.0347 -0.0193
-0.0293 0.0351 -0.0122
-0.0266 0.0375 -0.0110
-0.0321 0.0319 -0.0133
-0.0306 0.0354 -0.0082
-0.0277 0.0379 -0.0075
-0.0335 0.0322 -0.0090
-0.0373 0.0234 -0.0155
-0.0348 0.0280 -0.0144
-0.0390 0.0234 -0.0105
-0.0364 0.0281 -0.0098
-0.0404 0.0236 -0.0000
-0.0377 0.0284 -0.0000
-0.0373 0.0283 -0.0049
-0.0400 0.0235 -0.0053
-0.0347 0.0326 -0.0000
-0.0344 0.0324 -0.0045
-0.0316 0.0360 -0.0000
-0.0287 0.0386 -0.0000
-0.0284 0.0383 -0.0038
-0.0314 0.0357 -0.0042
-0.0313 0.0361 0.0041
-0.0284 0.0388 0.0037
-0.0344 0.0327 0.0045
-0.0305 0.0362 0.0082
-0.0277 0.0389 0.0074
-0.0335 0.0327 0.0090
-0.0400 0.0236 0.0053
-0.0373 0.0285 0.0049
-0.0390 0.0236 0.0104
-0.0364 0.0285 0.0097
-0.0350 0.0236 0.0202
-0.0326 0.0285 0.0188
-0.0348 0.0285 0.0144
-0.0373 0.0236 0.0154
-0.0300 0.0328 0.0173
-0.0320 0.0328 0.0133
-0.0274 0.0363 0.0158
-0.0248 0.0389 0.0143
-0.0265 0.0389 0.0110
-0.0292 0.0363 0.0121
-0.0251 0.0363 0.0192
-0.0227 0.0389 0.0174
-0.0275 0.0328 0.0211
-0.0223 0.0362 0.0223
-0.0202 0.0389 0.0202
-0.0245 0.0327 0.0245
-0.0320 0.0236 0.0246
-0.0299 0.0285 0.0229
-0.0285 0.0236 0.0285
-0.0266 0.0285 0.0266
-0.0202 0.0236 0.0350
-0.0188 0.0284 0.0326
-0.0229 0.0285 0.0299
-0.0246 0.0236 0.0320
-0.0173 0.0326 0.0300
-0.0211 0.0327 0.0275
-0.0158 0.0360 0.0274
-0.0143 0.0386 0.0248
-0.0174 0.0388 0.0227
-0.0192 0.0361 0.0251
-0.0121 0.0357 0.0292
-0.0110 0.0383 0.0265
-0.0133 0.0324 0.0321
-0.0082 0.0355 0.0306
-0.0074 0.0379 0.0277
-0.0090 0.0322 0.0335
-0.0154 0.0235 0.0373
-0.0144 0.0283 0.0348
-0.0104 0.0235 0.0390
-0.0097 0.0282 0.0364
0.0000 0.0234 0.0404
0.0000 0.0280 0.0377
-0.0049 0.0280 0.0374
-0.0053 0.0234 0.0400
0.0000 0.0319 0.0348
-0.0045 0.0320 0.0345
0.0000 0.0351 0.0317
0.0000 0.0375 0.0288
-0.0037 0.0376 0.0285
-0.0041 0.0352 0.0314
0.0041 0.0352 0.0314
0.0037 0.0376 0.0285
0.0045 0.0320 0.0345
0.0082 0.0355 0.0306
0.0074 0.0379 0.0277
0.0090 0.0322 0.0335
0.0053 0.0234 0.0400
0.0049 0.0280 0.0374
0.0104 0.0235 0.0390
0.0097 0.0282 0.0364
0.0202 0.0236 0.0350
0.0188 0.0284 0.0326
0.0144 0.0283 0.0348
0.0154 0.0235 0.0373
0.0173 0.0326 0.0300
0.0133 0.0324 0.0321
0.0158 0.0360 0.0274
0.0143 0.0386 0.0248
0.0110 0.0383 0.0265
0.0121 0.0357 0.0292
0.0192 0.0361 0.0251
0.0174 0.0388 0.0227
0.0211 0.0327 0.0275
0.0223 0.0362 0.0223
0.0202 0.0388 0.0202
0.0245 0.0327 0.0245
0.0246 0.0236 0.0320
0.0229 0.0285 0.0299
0.0285 0.0236 0.0285
0.0266 0.0285 0.0266
0.0350 0.0236 0.0202
0.0326 0.0284 0.0188
0.0299 0.0285 0.0229
0.0320 0.0236 0.0246
0.0300 0.0326 0.0173
0.0275 0.0327 0.0211
0.0274 0.0360 0.0158
0.0248 0.0386 0.0143
0.0227 0.0388 0.0174
0.0251 0.0361 0.0192
0.0292 0.0357 0.0121
0.0265 0.0383 0.0110
0.0321 0.0324 0.0133
0.0306 0.0354 0.0082
0.0277 0.0379 0.0074
0.0335 0.0322 0.0090
0.0373 0.0235 0.0154
0.0348 0.0283 0.0144
0.0390 0.0234 0.0104
0.0364 0.0281 0.0097
0.0404 0.0233 -0.0000
0.0377 0.0279 -0.0000
0.0374 0.0280 0.0049
0.0401 0.0234 0.0053
0.0348 0.0317 -0.0000
0.0345 0.0319 0.0045
0.0317 0.0349 -0.0000
0.0288 0.0372 -0.0000
0.0285 0.0375 0.0037
0.0314 0.0351 0.0041
0.0315 0.0347 -0.0042
0.0285 0.0370 -0.0038
0.0345 0.0316 -0.0045
0.0307 0.0346 -0.0082
0.0278 0.0369 -0.0075
0.0336 0.0316 -0.0090
0.0401 0.0233 -0.0053
0.0374 0.0278 -0.0049
0.0390 0.0233 -0.0105
